<instance format="XCSP3" type="COP">
  <variables>
    <array id="x" note="x[i] is the ith selected node" size="[3]"> 0..19 </array>
    <array id="d" note="d[i][j] is the distance between the ith selected node and the jth node" size="[3][20]"> 
      0 30 76 77 105 136 113 119 105 162 103 113 110 151 150 190 191 147 122 133
      30 0 46 47 75 106 83 122 123 192 133 143 140 122 121 199 185 177 92 122
      76 46 0 1 29 60 37 76 77 161 142 144 116 76 75 153 139 140 46 76
    </array>
    <array id="aux_gb" note="aux_gb[i] is the ith auxiliary variable having been automatically introduced" size="[20]" as="d"/>
  </variables>
  
  <constraints>
    <allDifferent note="selected nodes must be all different"> x[] </allDifferent>
    
    <ordered class="symmetry-breaking">
      <list> x[] </list>
      <operator> lt </operator>
    </ordered>
    
    <block note="computing distances">
      <group>
        <element>
          <list> %... </list>
          <index> x[0] </index>
          <value> %0 </value>
        </element>
        <args> d[0][0] 0 30 76 77 105 136 113 119 105 162 103 113 110 151 150 190 191 147 122 133 </args>
        <args> d[0][1] 30 0 46 47 75 106 83 122 123 192 133 143 140 122 121 199 185 177 92 122 </args>
        <args> d[0][2] 76 46 0 1 29 60 37 76 77 161 142 144 116 76 75 153 139 140 46 76 </args>
        <args> d[0][3] 77 47 1 0 28 59 36 75 78 162 141 143 115 75 74 154 138 139 45 75 </args>
        <args> d[0][4] 105 75 29 28 0 31 8 47 61 145 113 123 105 103 102 182 128 111 17 47 </args>
        <args> d[0][5] 136 106 60 59 31 0 39 78 92 176 144 154 136 134 133 213 159 142 48 78 </args>
        <args> d[0][6] 113 83 37 36 8 39 0 39 53 137 105 115 97 111 110 181 120 103 9 39 </args>
        <args> d[0][7] 119 122 76 75 47 78 39 0 14 98 115 105 77 140 149 210 159 142 48 78 </args>
        <args> d[0][8] 105 123 77 78 61 92 53 14 0 84 129 119 91 153 152 224 173 156 62 92 </args>
        <args> d[0][9] 162 192 161 162 145 176 137 98 84 0 59 69 97 160 169 154 181 111 146 125 </args>
        <args> d[0][10] 103 133 142 141 113 144 105 115 129 59 0 10 38 101 110 95 122 52 96 66 </args>
        <args> d[0][11] 113 143 144 143 123 154 115 105 119 69 10 0 28 91 100 105 125 62 106 76 </args>
        <args> d[0][12] 110 140 116 115 105 136 97 77 91 97 38 28 0 63 72 133 97 90 106 104 </args>
        <args> d[0][13] 151 122 76 75 103 134 111 140 153 160 101 91 63 0 9 109 160 153 120 96 </args>
        <args> d[0][14] 150 121 75 74 102 133 110 149 152 169 110 100 72 9 0 100 169 162 119 105 </args>
        <args> d[0][15] 190 199 153 154 182 213 181 210 224 154 95 105 133 109 100 0 98 97 183 153 </args>
        <args> d[0][16] 191 185 139 138 128 159 120 159 173 181 122 125 97 160 169 98 0 70 129 159 </args>
        <args> d[0][17] 147 177 140 139 111 142 103 142 156 111 52 62 90 153 162 97 70 0 94 110 </args>
        <args> d[0][18] 122 92 46 45 17 48 9 48 62 146 96 106 106 120 119 183 129 94 0 30 </args>
        <args> d[0][19] 133 122 76 75 47 78 39 78 92 125 66 76 104 96 105 153 159 110 30 0 </args>
      </group>
      
      <group>
        <element>
          <list> %... </list>
          <index> x[1] </index>
          <value> %0 </value>
        </element>
        <args> d[1][0] 0 30 76 77 105 136 113 119 105 162 103 113 110 151 150 190 191 147 122 133 </args>
        <args> d[1][1] 30 0 46 47 75 106 83 122 123 192 133 143 140 122 121 199 185 177 92 122 </args>
        <args> d[1][2] 76 46 0 1 29 60 37 76 77 161 142 144 116 76 75 153 139 140 46 76 </args>
        <args> d[1][3] 77 47 1 0 28 59 36 75 78 162 141 143 115 75 74 154 138 139 45 75 </args>
        <args> d[1][4] 105 75 29 28 0 31 8 47 61 145 113 123 105 103 102 182 128 111 17 47 </args>
        <args> d[1][5] 136 106 60 59 31 0 39 78 92 176 144 154 136 134 133 213 159 142 48 78 </args>
        <args> d[1][6] 113 83 37 36 8 39 0 39 53 137 105 115 97 111 110 181 120 103 9 39 </args>
        <args> d[1][7] 119 122 76 75 47 78 39 0 14 98 115 105 77 140 149 210 159 142 48 78 </args>
        <args> d[1][8] 105 123 77 78 61 92 53 14 0 84 129 119 91 153 152 224 173 156 62 92 </args>
        <args> d[1][9] 162 192 161 162 145 176 137 98 84 0 59 69 97 160 169 154 181 111 146 125 </args>
        <args> d[1][10] 103 133 142 141 113 144 105 115 129 59 0 10 38 101 110 95 122 52 96 66 </args>
        <args> d[1][11] 113 143 144 143 123 154 115 105 119 69 10 0 28 91 100 105 125 62 106 76 </args>
        <args> d[1][12] 110 140 116 115 105 136 97 77 91 97 38 28 0 63 72 133 97 90 106 104 </args>
        <args> d[1][13] 151 122 76 75 103 134 111 140 153 160 101 91 63 0 9 109 160 153 120 96 </args>
        <args> d[1][14] 150 121 75 74 102 133 110 149 152 169 110 100 72 9 0 100 169 162 119 105 </args>
        <args> d[1][15] 190 199 153 154 182 213 181 210 224 154 95 105 133 109 100 0 98 97 183 153 </args>
        <args> d[1][16] 191 185 139 138 128 159 120 159 173 181 122 125 97 160 169 98 0 70 129 159 </args>
        <args> d[1][17] 147 177 140 139 111 142 103 142 156 111 52 62 90 153 162 97 70 0 94 110 </args>
        <args> d[1][18] 122 92 46 45 17 48 9 48 62 146 96 106 106 120 119 183 129 94 0 30 </args>
        <args> d[1][19] 133 122 76 75 47 78 39 78 92 125 66 76 104 96 105 153 159 110 30 0 </args>
      </group>
      
      <group>
        <element>
          <list> %... </list>
          <index> x[2] </index>
          <value> %0 </value>
        </element>
        <args> d[2][0] 0 30 76 77 105 136 113 119 105 162 103 113 110 151 150 190 191 147 122 133 </args>
        <args> d[2][1] 30 0 46 47 75 106 83 122 123 192 133 143 140 122 121 199 185 177 92 122 </args>
        <args> d[2][2] 76 46 0 1 29 60 37 76 77 161 142 144 116 76 75 153 139 140 46 76 </args>
        <args> d[2][3] 77 47 1 0 28 59 36 75 78 162 141 143 115 75 74 154 138 139 45 75 </args>
        <args> d[2][4] 105 75 29 28 0 31 8 47 61 145 113 123 105 103 102 182 128 111 17 47 </args>
        <args> d[2][5] 136 106 60 59 31 0 39 78 92 176 144 154 136 134 133 213 159 142 48 78 </args>
        <args> d[2][6] 113 83 37 36 8 39 0 39 53 137 105 115 97 111 110 181 120 103 9 39 </args>
        <args> d[2][7] 119 122 76 75 47 78 39 0 14 98 115 105 77 140 149 210 159 142 48 78 </args>
        <args> d[2][8] 105 123 77 78 61 92 53 14 0 84 129 119 91 153 152 224 173 156 62 92 </args>
        <args> d[2][9] 162 192 161 162 145 176 137 98 84 0 59 69 97 160 169 154 181 111 146 125 </args>
        <args> d[2][10] 103 133 142 141 113 144 105 115 129 59 0 10 38 101 110 95 122 52 96 66 </args>
        <args> d[2][11] 113 143 144 143 123 154 115 105 119 69 10 0 28 91 100 105 125 62 106 76 </args>
        <args> d[2][12] 110 140 116 115 105 136 97 77 91 97 38 28 0 63 72 133 97 90 106 104 </args>
        <args> d[2][13] 151 122 76 75 103 134 111 140 153 160 101 91 63 0 9 109 160 153 120 96 </args>
        <args> d[2][14] 150 121 75 74 102 133 110 149 152 169 110 100 72 9 0 100 169 162 119 105 </args>
        <args> d[2][15] 190 199 153 154 182 213 181 210 224 154 95 105 133 109 100 0 98 97 183 153 </args>
        <args> d[2][16] 191 185 139 138 128 159 120 159 173 181 122 125 97 160 169 98 0 70 129 159 </args>
        <args> d[2][17] 147 177 140 139 111 142 103 142 156 111 52 62 90 153 162 97 70 0 94 110 </args>
        <args> d[2][18] 122 92 46 45 17 48 9 48 62 146 96 106 106 120 119 183 129 94 0 30 </args>
        <args> d[2][19] 133 122 76 75 47 78 39 78 92 125 66 76 104 96 105 153 159 110 30 0 </args>
      </group>
    </block>
    
    <group>
      <minimum>
        <list> %... </list>
        <condition> (eq,%0) </condition>
      </minimum>
      <args> aux_gb[0] d[][0] </args>
      <args> aux_gb[1] d[][1] </args>
      <args> aux_gb[2] d[][2] </args>
      <args> aux_gb[3] d[][3] </args>
      <args> aux_gb[4] d[][4] </args>
      <args> aux_gb[5] d[][5] </args>
      <args> aux_gb[6] d[][6] </args>
      <args> aux_gb[7] d[][7] </args>
      <args> aux_gb[8] d[][8] </args>
      <args> aux_gb[9] d[][9] </args>
      <args> aux_gb[10] d[][10] </args>
      <args> aux_gb[11] d[][11] </args>
      <args> aux_gb[12] d[][12] </args>
      <args> aux_gb[13] d[][13] </args>
      <args> aux_gb[14] d[][14] </args>
      <args> aux_gb[15] d[][15] </args>
      <args> aux_gb[16] d[][16] </args>
      <args> aux_gb[17] d[][17] </args>
      <args> aux_gb[18] d[][18] </args>
      <args> aux_gb[19] d[][19] </args>
    </group>
  </constraints>
  
  <objectives>
    <maximize note="minimizing the minimal distances between nodes and the selected ones" type="sum"> aux_gb[] </maximize>
  </objectives>
</instance>